
Frame Order matrix, 2nd degree:
[[    0.9271,    0.0085,   -0.0130,    0.0085,    0.0509,    0.0329,   -0.0130,    0.0329,    0.0220],
 [    0.0085,    0.9308,   -0.0161,   -0.0506,    0.0086,   -0.0271,   -0.0333,   -0.0131,   -0.0171],
 [   -0.0130,   -0.0161,    0.9449,   -0.0333,    0.0265,    0.0088,   -0.0213,    0.0179,   -0.0135],
 [    0.0085,   -0.0506,   -0.0333,    0.9308,    0.0086,   -0.0131,   -0.0161,   -0.0271,   -0.0171],
 [    0.0509,    0.0086,    0.0265,    0.0086,    0.9344,   -0.0162,    0.0265,   -0.0162,    0.0147],
 [    0.0329,   -0.0271,    0.0088,   -0.0131,   -0.0162,    0.9487,    0.0179,   -0.0136,   -0.0167],
 [   -0.0130,   -0.0333,   -0.0213,   -0.0161,    0.0265,    0.0179,    0.9449,    0.0088,   -0.0135],
 [    0.0329,   -0.0131,    0.0179,   -0.0271,   -0.0162,   -0.0136,    0.0088,    0.9487,   -0.0167],
 [    0.0220,   -0.0171,   -0.0135,   -0.0171,    0.0147,   -0.0167,   -0.0135,   -0.0167,    0.9634]]
