
Frame Order matrix, 2nd degree:
[[    0.99998135,    0.00000417,   -0.00000374,    0.00000417,    0.00000835,    0.00000927,   -0.00000374,    0.00000927,    0.00001030],
 [    0.00000416,    0.99998313,   -0.00000464,   -0.00000835,    0.00000417,   -0.00000750,   -0.00000927,   -0.00000374,   -0.00000833],
 [   -0.00000376,   -0.00000463,    0.99998216,   -0.00000927,    0.00000750,    0.00000417,   -0.00001030,    0.00000833,   -0.00000374],
 [    0.00000416,   -0.00000835,   -0.00000927,    0.99998313,    0.00000417,   -0.00000374,   -0.00000464,   -0.00000750,   -0.00000833],
 [    0.00000835,    0.00000416,    0.00000750,    0.00000416,    0.99998491,   -0.00000464,    0.00000750,   -0.00000464,    0.00000674],
 [    0.00000927,   -0.00000750,    0.00000416,   -0.00000376,   -0.00000463,    0.99998394,    0.00000833,   -0.00000674,   -0.00000464],
 [   -0.00000376,   -0.00000927,   -0.00001030,   -0.00000463,    0.00000750,    0.00000833,    0.99998216,    0.00000417,   -0.00000374],
 [    0.00000927,   -0.00000376,    0.00000833,   -0.00000750,   -0.00000463,   -0.00000674,    0.00000416,    0.99998394,   -0.00000464],
 [    0.00001030,   -0.00000833,   -0.00000376,   -0.00000833,    0.00000674,   -0.00000463,   -0.00000376,   -0.00000463,    0.99998296]]
