
Frame Order matrix, 2nd degree:
[[    0.9357,    0.0139,   -0.0125,    0.0139,    0.0288,    0.0312,   -0.0125,    0.0312,    0.0354],
 [    0.0139,    0.9417,   -0.0155,   -0.0281,    0.0141,   -0.0260,   -0.0319,   -0.0127,   -0.0280],
 [   -0.0125,   -0.0155,    0.9384,   -0.0319,    0.0251,    0.0140,   -0.0348,    0.0288,   -0.0126],
 [    0.0139,   -0.0281,   -0.0319,    0.9417,    0.0141,   -0.0127,   -0.0155,   -0.0260,   -0.0280],
 [    0.0288,    0.0141,    0.0251,    0.0141,    0.9477,   -0.0157,    0.0251,   -0.0157,    0.0234],
 [    0.0312,   -0.0260,    0.0140,   -0.0127,   -0.0157,    0.9444,    0.0288,   -0.0225,   -0.0156],
 [   -0.0125,   -0.0319,   -0.0348,   -0.0155,    0.0251,    0.0288,    0.9384,    0.0140,   -0.0126],
 [    0.0312,   -0.0127,    0.0288,   -0.0260,   -0.0157,   -0.0225,    0.0140,    0.9444,   -0.0156],
 [    0.0354,   -0.0280,   -0.0126,   -0.0280,    0.0234,   -0.0156,   -0.0126,   -0.0156,    0.9411]]
