
Frame Order matrix, 2nd degree:
[[    0.9932,    0.0005,    0.0010,    0.0005,    0.0057,   -0.0026,    0.0010,   -0.0026,    0.0011],
 [    0.0005,    0.9932,    0.0013,   -0.0057,    0.0005,    0.0021,    0.0026,    0.0010,   -0.0009],
 [    0.0010,    0.0013,    0.9956,    0.0026,   -0.0021,    0.0005,   -0.0011,    0.0009,    0.0010],
 [    0.0005,   -0.0057,    0.0026,    0.9932,    0.0005,    0.0010,    0.0013,    0.0021,   -0.0009],
 [    0.0057,    0.0005,   -0.0021,    0.0005,    0.9932,    0.0013,   -0.0021,    0.0013,    0.0008],
 [   -0.0026,    0.0021,    0.0005,    0.0010,    0.0013,    0.9956,    0.0009,   -0.0007,    0.0013],
 [    0.0010,    0.0026,   -0.0011,    0.0013,   -0.0021,    0.0009,    0.9956,    0.0005,    0.0010],
 [   -0.0026,    0.0010,    0.0009,    0.0021,    0.0013,   -0.0007,    0.0005,    0.9956,    0.0013],
 [    0.0011,   -0.0009,    0.0010,   -0.0009,    0.0008,    0.0013,    0.0010,    0.0013,    0.9980]]
