Original matrices:
[[[ 1.  2.  3.]
  [ 2.  3.  4.]
  [ 3.  4.  5.]]

 [[ 1.  2.  3.]
  [ 2.  3.  4.]
  [ 3.  4.  5.]]]
Shape: (100, 3, 3)

R:
[[-0.147233   -0.65802651  0.73846026]
 [ 0.87841732  0.25618968  0.40342268]
 [-0.45464871  0.70807342  0.54030231]]


1st rotation - element by element R.Ri[i].RT.
Rotations:
[[[-0.10494087  1.08573414  0.47747559]
  [ 1.08573414  5.63549417  4.81557522]
  [ 0.47747559  4.81557522  3.4694467 ]]

 [[-0.10494087  1.08573414  0.47747559]
  [ 1.08573414  5.63549417  4.81557522]
  [ 0.47747559  4.81557522  3.4694467 ]]]
Timing (s): 24.9873549938

2nd rotation - dot of tensordot, and axis swap.
Rotations:
[[[-0.10494087  1.08573414  0.47747559]
  [ 1.08573414  5.63549417  4.81557522]
  [ 0.47747559  4.81557522  3.4694467 ]]

 [[-0.10494087  1.08573414  0.47747559]
  [ 1.08573414  5.63549417  4.81557522]
  [ 0.47747559  4.81557522  3.4694467 ]]]
Timing (s): 3.01101016998
