Original vectors:
[[ 1.  2.  3.]
 [ 2.  2.  2.]]
Shape: (200, 3)

Tensors:
[[[  1.42219822e+00  -7.07796212e+00  -6.01619494e+00]
  [ -7.07796212e+00  -1.44543002e+00   2.02008007e+00]
  [ -6.01619494e+00   2.02008007e+00   2.32317940e-02]]

 [[  2.84439644e+00  -1.41559242e+01  -1.20323899e+01]
  [ -1.41559242e+01  -2.89086003e+00   4.04016014e+00]
  [ -1.20323899e+01   4.04016014e+00   4.64635880e-02]]

 [[  4.26659467e+00  -2.12338863e+01  -1.80485848e+01]
  [ -2.12338863e+01  -4.33629005e+00   6.06024021e+00]
  [ -1.80485848e+01   6.06024021e+00   6.96953819e-02]]

 [[  5.68879289e+00  -2.83118485e+01  -2.40647798e+01]
  [ -2.83118485e+01  -5.78172006e+00   8.08032028e+00]
  [ -2.40647798e+01   8.08032028e+00   9.29271759e-02]]

 [[  7.11099111e+00  -3.53898106e+01  -3.00809747e+01]
  [ -3.53898106e+01  -7.22715008e+00   1.01004004e+01]
  [ -3.00809747e+01   1.01004004e+01   1.16158970e-01]]]


1st projection - per align, element by element r[j].A[i].r[j].
Proj1&2: [-44.31849296 -88.59261589], [ -88.63698591 -177.18523179]
Timing (s): 22.8432860374

2nd projection - per align, diag of double tensordot.
Proj1&2: [-44.31849296 -88.59261589], [ -88.63698591 -177.18523179]
Timing (s): 12.9692270756

3rd projection - per align, diag of double tensordot, no transpose.
Proj1&2: [-44.31849296 -88.59261589], [ -88.63698591 -177.18523179]
Timing (s): 12.6006851196

4th projection - per align, mixed tensordot() and per-vector dot().
Proj1&2: [-44.31849296 -88.59261589], [ -88.63698591 -177.18523179]
Timing (s): 26.5787680149

5th projection - per align, expansion and sum.
Proj1&2: [-44.31849296 -88.59261589], [ -88.63698591 -177.18523179]
Timing (s): 59.1453728676

6th projection - per align, expansion.
Proj1&2: [-44.31849296 -88.59261589], [ -88.63698591 -177.18523179]
Timing (s): 2.79704904556

7th projection - per align, expansion with pre-calculation.
Proj1&2: [-44.31849296 -88.59261589], [ -88.63698591 -177.18523179]
Timing (s): 1.90192103386

8th projection - expansion with pre-calculation (outer() and transpose()).
Proj1&2: [-44.31849296 -88.59261589], [ -88.63698591 -177.18523179]
Timing (s): 1.25152587891

9th projection - expansion with pre-calculation (only outer()).
Proj1&2: [-44.31849296 -88.59261589], [ -88.63698591 -177.18523179]
Timing (s): 1.13539600372

10th projection - expansion with pre-calculation (outer() and add()).
Proj1&2: [-44.31849296 -88.59261589], [ -88.63698591 -177.18523179]
Timing (s): 1.11668395996
