
Frame Order matrix, 2nd degree:
[[    0.3766,   -0.0515,    0.0789,   -0.0515,    0.3546,    0.0976,    0.0789,    0.0976,    0.2688],
 [   -0.0515,    0.3546,    0.0976,   -0.2321,   -0.0253,   -0.2709,   -0.2853,    0.0388,    0.0768],
 [    0.0789,    0.0976,    0.2688,   -0.2853,    0.0388,    0.0768,    0.0189,    0.2789,   -0.1177],
 [   -0.0515,   -0.2321,   -0.2853,    0.3546,   -0.0253,    0.0388,    0.0976,   -0.2709,    0.0768],
 [    0.3546,   -0.0253,    0.0388,   -0.0253,    0.3438,    0.0479,    0.0388,    0.0479,    0.3016],
 [    0.0976,   -0.2709,    0.0768,    0.0388,    0.0479,    0.3016,    0.2789,    0.1381,   -0.1455],
 [    0.0789,   -0.2853,    0.0189,    0.0976,    0.0388,    0.2789,    0.2688,    0.0768,   -0.1177],
 [    0.0976,    0.0388,    0.2789,   -0.2709,    0.0479,    0.1381,    0.0768,    0.3016,   -0.1455],
 [    0.2688,    0.0768,   -0.1177,    0.0768,    0.3016,   -0.1455,   -0.1177,   -0.1455,    0.4296]]
