
Frame Order matrix, 2nd degree:
[[    0.3402,   -0.0334,    0.0301,   -0.0334,    0.3260,    0.0372,    0.0301,    0.0372,    0.3338],
 [   -0.0334,    0.3260,    0.0372,   -0.0029,    0.0356,   -0.3275,   -0.3281,   -0.0321,   -0.0022],
 [    0.0301,    0.0372,    0.3338,   -0.3281,   -0.0321,   -0.0022,   -0.0719,    0.3260,    0.0020],
 [   -0.0334,   -0.0029,   -0.3281,    0.3260,    0.0356,   -0.0321,    0.0372,   -0.3275,   -0.0022],
 [    0.3260,    0.0356,   -0.0321,    0.0356,    0.3412,   -0.0397,   -0.0321,   -0.0397,    0.3328],
 [    0.0372,   -0.3275,   -0.0022,   -0.0321,   -0.0397,    0.3328,    0.3260,    0.0674,    0.0025],
 [    0.0301,   -0.3281,   -0.0719,    0.0372,   -0.0321,    0.3260,    0.3338,   -0.0022,    0.0020],
 [    0.0372,   -0.0321,    0.3260,   -0.3275,   -0.0397,    0.0674,   -0.0022,    0.3328,    0.0025],
 [    0.3338,   -0.0022,    0.0020,   -0.0022,    0.3328,    0.0025,    0.0020,    0.0025,    0.3334]]
