
Frame Order matrix, 2nd degree:
[[    0.3403,   -0.0334,    0.0301,   -0.0334,    0.3259,    0.0372,    0.0301,    0.0372,    0.3337],
 [   -0.0334,    0.3259,    0.0372,   -0.0029,    0.0356,   -0.3275,   -0.3280,   -0.0320,   -0.0022],
 [    0.0301,    0.0372,    0.3339,   -0.3280,   -0.0321,   -0.0022,   -0.0719,    0.3259,    0.0020],
 [   -0.0334,   -0.0029,   -0.3280,    0.3259,    0.0356,   -0.0320,    0.0372,   -0.3275,   -0.0022],
 [    0.3259,    0.0356,   -0.0321,    0.0356,    0.3411,   -0.0397,   -0.0321,   -0.0397,    0.3329],
 [    0.0372,   -0.3275,   -0.0022,   -0.0320,   -0.0397,    0.3329,    0.3259,    0.0674,    0.0024],
 [    0.0301,   -0.3280,   -0.0719,    0.0372,   -0.0321,    0.3259,    0.3339,   -0.0022,    0.0020],
 [    0.0372,   -0.0320,    0.3259,   -0.3275,   -0.0397,    0.0674,   -0.0022,    0.3329,    0.0024],
 [    0.3337,   -0.0022,    0.0020,   -0.0022,    0.3329,    0.0024,    0.0020,    0.0024,    0.3334]]
