
Frame Order matrix, 2nd degree:
[[    0.34024877,   -0.03342296,    0.03009074,   -0.03342296,    0.32596128,    0.03720192,    0.03009074,    0.03720192,    0.33378995],
 [   -0.03342296,    0.32596128,    0.03720192,   -0.00288875,    0.03562984,   -0.32752310,   -0.32806461,   -0.03207760,   -0.00220688],
 [    0.03009074,    0.03720192,    0.33378995,   -0.32806461,   -0.03207760,   -0.00220688,   -0.07192582,    0.32595595,    0.00198686],
 [   -0.03342296,   -0.00288875,   -0.32806461,    0.32596128,    0.03562984,   -0.03207760,    0.03720192,   -0.32752310,   -0.00220688],
 [    0.32596128,    0.03562984,   -0.03207760,    0.03562984,    0.34119216,   -0.03965833,   -0.03207760,   -0.03965833,    0.33284656],
 [    0.03720192,   -0.32752310,   -0.00220688,   -0.03207760,   -0.03965833,    0.33284656,    0.32595595,    0.06741237,    0.00245640],
 [    0.03009074,   -0.32806461,   -0.07192582,    0.03720192,   -0.03207760,    0.32595595,    0.33378995,   -0.00220688,    0.00198686],
 [    0.03720192,   -0.03207760,    0.32595595,   -0.32752310,   -0.03965833,    0.06741237,   -0.00220688,    0.33284656,    0.00245640],
 [    0.33378995,   -0.00220688,    0.00198686,   -0.00220688,    0.33284656,    0.00245640,    0.00198686,    0.00245640,    0.33336348]]
