R.append(array([[ 0.40692582, -0.3514471 , -0.84314667],
        [ 0.78203481,  0.61102954,  0.12273735],
        [ 0.47205183, -0.70931505,  0.52348756]]))
R.append(array([[ 0.94592977, -0.15723496, -0.28371472],
        [ 0.17488518,  0.98386199,  0.03782528],
        [ 0.27318868, -0.08539756,  0.95816241]]))
R.append(array([[ 0.99184278,  0.0110949 , -0.12698345],
        [-0.06609329,  0.89658886, -0.4379042 ],
        [ 0.10899344,  0.44272488,  0.89000849]]))
R.append(array([[-0.09751396,  0.99467481, -0.03336241],
        [ 0.27320736, -0.00548027, -0.96193955],
        [-0.95699988, -0.10291739, -0.27121808]]))
R.append(array([[-0.09282584, -0.14620307, -0.98488985],
        [ 0.99108191,  0.08140989, -0.10549442],
        [ 0.09560339, -0.98589913,  0.13734228]]))
R.append(array([[-0.27435623,  0.09566713, -0.9568576 ],
        [ 0.95367403, -0.10064809, -0.28350627],
        [-0.12342812, -0.99031195, -0.06362183]]))
R.append(array([[ 0.51880437, -0.19843203, -0.8315448 ],
        [ 0.46284027,  0.88299824,  0.07805764],
        [ 0.71876346, -0.42536906,  0.54994568]]))
R.append(array([[-0.11745188,  0.94331778,  0.31041363],
        [-0.3240424 ,  0.25906421, -0.90988035],
        [-0.93872338, -0.20745433,  0.27524738]]))
R.append(array([[ 0.65003392, -0.3839815 , -0.65575461],
        [ 0.60269006,  0.78610559,  0.13712291],
        [ 0.4628397 , -0.48435133,  0.74241713]]))
R.append(array([[ 0.87498382, -0.27395816, -0.39918698],
        [ 0.41000962,  0.85777471,  0.31002365],
        [ 0.25747898, -0.43493618,  0.86286447]]))
R.append(array([[ 0.91454493, -0.38200282, -0.13297149],
        [ 0.39936702,  0.80065956,  0.44659855],
        [-0.06413701, -0.46153887,  0.88479846]]))
R.append(array([[ 0.97890051, -0.07838536, -0.18870484],
        [ 0.03284754,  0.97185045, -0.23329753],
        [ 0.20168   ,  0.22217658,  0.95391967]]))
R.append(array([[ 0.05071916,  0.04350127, -0.99776511],
        [ 0.9327596 ,  0.35497078,  0.06289102],
        [ 0.3569133 , -0.93386476, -0.02257241]]))
R.append(array([[ 0.97113922, -0.09937079, -0.21682728],
        [ 0.07796179,  0.99139354, -0.1051704 ],
        [ 0.22541203,  0.08523085,  0.97052827]]))
R.append(array([[ 0.62253472, -0.27972557, -0.73089269],
        [ 0.70316923,  0.60988235,  0.36550861],
        [ 0.34351645, -0.74148305,  0.57636736]]))
R.append(array([[-0.34261379,  0.20064773, -0.91779969],
        [ 0.91664161, -0.14268554, -0.37337514],
        [-0.20587362, -0.96921686, -0.13503602]]))
R.append(array([[ 0.73050329, -0.49855214, -0.46670195],
        [ 0.68226052,  0.50301209,  0.53056519],
        [-0.02975768, -0.70599193,  0.70759443]]))
R.append(array([[ 0.65062636, -0.20147456, -0.73218395],
        [ 0.4304338 ,  0.89216598,  0.1369913 ],
        [ 0.62562935, -0.40428687,  0.66718816]]))
R.append(array([[-0.59603589,  0.392717  , -0.70036746],
        [ 0.52454731, -0.4699544 , -0.70992463],
        [-0.60794023, -0.79051643,  0.07411105]]))
R.append(array([[ 0.02779914,  0.08394181, -0.99608282],
        [ 0.95381457,  0.29593828,  0.05155879],
        [ 0.29910697, -0.95151159, -0.07183809]]))
R.append(array([[-0.60246078,  0.56750361, -0.56123138],
        [ 0.37332986, -0.42113793, -0.82660006],
        [-0.70545434, -0.70751855,  0.04185304]]))
R.append(array([[ 0.98080386,  0.02131668, -0.19382822],
        [-0.10591348,  0.89283736, -0.43774853],
        [ 0.16372574,  0.44987447,  0.87795606]]))
R.append(array([[ 0.43442644, -0.37218671, -0.82021383],
        [ 0.88986477,  0.31822194,  0.32691818],
        [ 0.13933544, -0.87190129,  0.46943986]]))
R.append(array([[ 0.98623419, -0.14650158,  0.07667726],
        [ 0.10766039,  0.92087355,  0.37470141],
        [-0.12550441, -0.36128824,  0.9239694 ]]))
R.append(array([[ 0.9389152 ,  0.24525929,  0.24142521],
        [-0.2140391 ,  0.96548538, -0.14840907],
        [-0.26949121,  0.08766909,  0.95900397]]))
R.append(array([[ 0.20272648,  0.90823678,  0.36607093],
        [-0.41323982,  0.41826367, -0.80888093],
        [-0.88776958,  0.0127065 ,  0.46011272]]))
R.append(array([[ 0.62439574,  0.71587952,  0.31248436],
        [-0.22236957,  0.54641084, -0.8074571 ],
        [-0.74878684,  0.43468576,  0.50036643]]))
R.append(array([[ 0.12479722,  0.98180326,  0.14313633],
        [ 0.11739088,  0.12863981, -0.98471883],
        [-0.98521319,  0.13969307, -0.09920085]]))
R.append(array([[ 0.40009798,  0.76928846,  0.4981133 ],
        [-0.3123458 ,  0.62543175, -0.71503512],
        [-0.86160415,  0.13050051,  0.490518  ]]))
R.append(array([[-0.05421082,  0.11966139, -0.99133362],
        [ 0.87428816,  0.48528783,  0.01076765],
        [ 0.48237061, -0.86612752, -0.13092639]]))
R.append(array([[-0.32387508,  0.94294216,  0.07723359],
        [-0.15534006,  0.02752624, -0.98747748],
        [-0.93326009, -0.33181681,  0.13756162]]))
R.append(array([[-0.12162166,  0.98183749,  0.14561357],
        [-0.00236812,  0.14641516, -0.9892204 ],
        [-0.99257371, -0.12065546, -0.01548214]]))
R.append(array([[ 0.47221853,  0.78113171,  0.40846409],
        [-0.49076457,  0.61790119, -0.61428679],
        [-0.73222933,  0.0896179 ,  0.67513616]]))
R.append(array([[-0.66282996,  0.52151293, -0.53729016],
        [ 0.36739181, -0.39873327, -0.84025891],
        [-0.65244135, -0.75434478,  0.07269278]]))
R.append(array([[ 0.23196561,  0.95676282,  0.17549034],
        [-0.0936722 ,  0.20154425, -0.97498997],
        [-0.96820322,  0.20972558,  0.13637341]]))
R.append(array([[ 0.97862407,  0.18040171,  0.09874282],
        [-0.16017862,  0.96974717, -0.18420976],
        [-0.12898732,  0.16445561,  0.97791442]]))
R.append(array([[ 0.95993927,  0.05815791,  0.27410629],
        [-0.13373712,  0.95470844,  0.26579349],
        [-0.24623359, -0.2918038 ,  0.92423999]]))
R.append(array([[-0.51962443,  0.41084982, -0.74912808],
        [ 0.64163377, -0.39132095, -0.65967721],
        [-0.56417778, -0.82345026, -0.06027519]]))
R.append(array([[ 0.91919103, -0.12984044, -0.37179202],
        [ 0.19512248,  0.97021229,  0.14358039],
        [ 0.34207465, -0.20452278,  0.91714523]]))
R.append(array([[-0.14985702,  0.00724432, -0.98868114],
        [ 0.94448775,  0.2967598 , -0.14098407],
        [ 0.29237948, -0.95492468, -0.05131371]]))
R.append(array([[-0.0543387 ,  0.97905632,  0.19620407],
        [ 0.11179622,  0.20122417, -0.97314461],
        [-0.99224438, -0.03094454, -0.12038906]]))
R.append(array([[-0.03150851,  0.99832184, -0.04858716],
        [ 0.3611174 , -0.03395718, -0.93190189],
        [-0.9319879 , -0.04690851, -0.35944144]]))
R.append(array([[-0.57762565,  0.46378206, -0.67175502],
        [ 0.63066394, -0.26893648, -0.72796715],
        [-0.51827753, -0.84414417, -0.13714601]]))
R.append(array([[-0.37887263,  0.91609951, -0.13121441],
        [ 0.13822727, -0.08417652, -0.98681687],
        [-0.91506762, -0.39201531, -0.09473775]]))
R.append(array([[ 0.87411277,  0.38546032,  0.2955456 ],
        [-0.34439212,  0.92091562, -0.18250614],
        [-0.34252144,  0.05774737,  0.9377336 ]]))
R.append(array([[ 0.84545496, -0.21292351, -0.48976472],
        [ 0.22282652,  0.97408463, -0.03882626],
        [ 0.48533931, -0.07630672,  0.87098969]]))
R.append(array([[ 0.85885112, -0.18447972, -0.47785143],
        [ 0.31584168,  0.92516756,  0.21049708],
        [ 0.4032602 , -0.33171106,  0.85284758]]))
R.append(array([[ 0.68716948, -0.44823152, -0.57173998],
        [ 0.67188558,  0.69145191,  0.2654506 ],
        [ 0.27634737, -0.5665534 ,  0.77630495]]))
R.append(array([[ 0.99431416,  0.10592373,  0.01093178],
        [-0.0945905 ,  0.92572045, -0.36618886],
        [-0.04890787,  0.36307272,  0.93047634]]))
R.append(array([[ 0.40343753,  0.85795378,  0.31804632],
        [-0.15528704,  0.40674541, -0.90024669],
        [-0.90173394,  0.31380483,  0.29732547]]))
R.append(array([[-0.31480042,  0.94875983, -0.02748587],
        [ 0.05582714, -0.01040001, -0.99838628],
        [-0.94751466, -0.31582688, -0.04969262]]))
R.append(array([[-0.44464959,  0.86154926, -0.24498902],
        [ 0.17677524, -0.18372652, -0.96695144],
        [-0.87808727, -0.47326255, -0.07060665]]))
R.append(array([[-0.21149586, -0.0041167 , -0.97737022],
        [ 0.97411398,  0.08078024, -0.21113148],
        [ 0.07982137, -0.99672343, -0.01307455]]))
R.append(array([[-0.31038221,  0.12926978, -0.9417814 ],
        [ 0.88381696, -0.32556728, -0.33596657],
        [-0.35004353, -0.93664042, -0.01320054]]))
R.append(array([[ 0.26295453,  0.93542773,  0.23628347],
        [-0.22478542,  0.29756113, -0.92786254],
        [-0.93825712,  0.19087257,  0.28851556]]))
R.append(array([[-0.32655802,  0.11644494, -0.93797678],
        [ 0.92295986, -0.17461642, -0.34300758],
        [-0.20372764, -0.97772679, -0.05045161]]))
R.append(array([[-0.17434368,  0.97699315, -0.1228359 ],
        [ 0.17814338, -0.09139311, -0.97975111],
        [-0.96843648, -0.19269581, -0.15811105]]))
R.append(array([[ 0.95125115, -0.24154253, -0.19177712],
        [ 0.2842801 ,  0.92783091,  0.24148421],
        [ 0.11960804, -0.28423055,  0.95126595]]))
R.append(array([[-0.20277204,  0.34263226, -0.91732581],
        [ 0.94816297,  0.3027794 , -0.09649674],
        [ 0.24468446, -0.8893412 , -0.38626641]]))
R.append(array([[-0.34728906,  0.68016165, -0.6455776 ],
        [ 0.92095873,  0.11765438, -0.37147337],
        [-0.17670691, -0.72355896, -0.66726089]]))
R.append(array([[-0.49732989,  0.82197656, -0.27752028],
        [ 0.25105635, -0.16984262, -0.9529555 ],
        [-0.83044186, -0.54360649, -0.12189462]]))
R.append(array([[ 0.97976349, -0.03708872, -0.19669249],
        [-0.02862938,  0.9466113 , -0.32110342],
        [ 0.19810064,  0.3202366 ,  0.92639336]]))
R.append(array([[ 0.321674  ,  0.83129927,  0.45328508],
        [-0.40733734,  0.55366128, -0.72631638],
        [-0.85475267,  0.04899716,  0.51671767]]))
R.append(array([[ 0.96871025, -0.24424482, -0.04410126],
        [ 0.24266803,  0.89478095,  0.37480566],
        [-0.05208337, -0.37378005,  0.92605388]]))
R.append(array([[ 0.32321157, -0.47771566, -0.81689781],
        [ 0.94070472,  0.25614647,  0.22240416],
        [ 0.10299954, -0.84034322,  0.53217889]]))
R.append(array([[-0.38424806,  0.39689359, -0.83356397],
        [ 0.87957628, -0.11697288, -0.46115389],
        [-0.2805334 , -0.91038059, -0.30415159]]))
R.append(array([[ 0.65936134,  0.68498059,  0.30991002],
        [-0.2190835 ,  0.56937587, -0.79234686],
        [-0.7191975 ,  0.45454671,  0.52549238]]))
R.append(array([[  4.20665315e-02,   9.99114700e-01,  -4.73053349e-04],
        [  3.71871633e-01,  -1.60966620e-02,  -9.28144593e-01],
        [ -9.27330521e-01,   3.88679086e-02,  -3.72219546e-01]]))
R.append(array([[ 0.3886331 ,  0.83371789,  0.39227388],
        [-0.33415183,  0.52428682, -0.78324063],
        [-0.85866575,  0.1733142 ,  0.48234357]]))
R.append(array([[ 0.95705016, -0.18933372, -0.21956259],
        [ 0.21422714,  0.97210132,  0.09552882],
        [ 0.19535025, -0.13846213,  0.97091015]]))
R.append(array([[-0.32245265,  0.52023691, -0.79080835],
        [ 0.88493323, -0.13089797, -0.44694396],
        [-0.33603195, -0.84393085, -0.41816653]]))
R.append(array([[ 0.57083043, -0.31348886, -0.75886583],
        [ 0.72407934,  0.62796647,  0.2852494 ],
        [ 0.38711979, -0.71230811,  0.58545318]]))
R.append(array([[-0.07499898,  0.97253192,  0.22035612],
        [ 0.01750724,  0.22222861, -0.97483739],
        [-0.99702991, -0.06925398, -0.03369327]]))
R.append(array([[-0.23847041,  0.92675181, -0.29028081],
        [ 0.75149634, -0.01322999, -0.65960459],
        [-0.61513016, -0.37544114, -0.69329563]]))
R.append(array([[-0.00618718,  0.99986731, -0.01506896],
        [ 0.40795099, -0.0112344 , -0.91293471],
        [-0.91298287, -0.01179589, -0.40782735]]))
R.append(array([[-0.42691413,  0.36893164, -0.82561115],
        [ 0.87455218, -0.06377518, -0.48071948],
        [-0.23000613, -0.92726596, -0.29542345]]))
R.append(array([[ 0.50708726, -0.20792939, -0.83643761],
        [ 0.65591113,  0.72267487,  0.21799454],
        [ 0.55914497, -0.659171  ,  0.50284242]]))
R.append(array([[ 0.08908124,  0.02869706, -0.99561087],
        [ 0.76676483,  0.63601378,  0.08693767],
        [ 0.63571709, -0.77114392,  0.03465301]]))
R.append(array([[ 0.82615267, -0.20833906, -0.5235137 ],
        [ 0.3843759 ,  0.88774992,  0.25328887],
        [ 0.41197928, -0.41048133,  0.81349748]]))
R.append(array([[ 0.92686903, -0.16605594, -0.33665891],
        [ 0.15818752,  0.98609747, -0.05087711],
        [ 0.34042695, -0.00609882,  0.94025119]]))
R.append(array([[ 0.69997432,  0.61399325,  0.36475778],
        [-0.42337038,  0.76807344, -0.48043804],
        [-0.57514648,  0.18186665,  0.79757824]]))
R.append(array([[ 0.89521989, -0.27060726, -0.35405233],
        [ 0.40570316,  0.82361045,  0.39632155],
        [ 0.18435371, -0.49843509,  0.84709868]]))
R.append(array([[-0.38548708,  0.61158006, -0.69091935],
        [ 0.89800506,  0.07653974, -0.43327657],
        [-0.21210052, -0.78747158, -0.57870707]]))
R.append(array([[ 0.90526837,  0.11032561,  0.41026508],
        [-0.21442121,  0.95232241,  0.21703819],
        [-0.36675976, -0.28444734,  0.88576351]]))
R.append(array([[ 0.9966319 , -0.03660592, -0.07338166],
        [ 0.02453344,  0.98695219, -0.15913353],
        [ 0.07824942,  0.15679725,  0.98452611]]))
R.append(array([[-0.03428635, -0.12893312, -0.99106039],
        [ 0.99875946,  0.03140971, -0.03863898],
        [ 0.03611076, -0.99115573,  0.12769625]]))
R.append(array([[-0.07676174, -0.10517968, -0.99148619],
        [ 0.99057518,  0.10509498, -0.08783998],
        [ 0.11343921, -0.98888436,  0.0961211 ]]))
R.append(array([[-0.42798404,  0.05836386, -0.90189984],
        [ 0.84949332, -0.31468474, -0.42347917],
        [-0.30853   , -0.94740022,  0.08510034]]))
R.append(array([[ 0.96693543, -0.13553454,  0.21602373],
        [ 0.05763526,  0.94130477,  0.33260112],
        [-0.24842311, -0.30915323,  0.91799251]]))
R.append(array([[ 0.95988032, -0.04189544, -0.27726259],
        [-0.05653351,  0.93955835, -0.33768931],
        [ 0.27465203,  0.33981595,  0.89949507]]))
R.append(array([[-0.36330355,  0.19017245, -0.91205535],
        [ 0.92690128, -0.02515139, -0.37446152],
        [-0.09415172, -0.98142847, -0.1671335 ]]))
R.append(array([[ 0.68464252,  0.66100749,  0.30713796],
        [-0.39527856,  0.69075281, -0.60548776],
        [-0.61238835,  0.29313761,  0.73420083]]))
R.append(array([[ 0.52011486,  0.71322387,  0.46988536],
        [-0.3546093 ,  0.6808233 , -0.64088367],
        [-0.77700243,  0.1667074 ,  0.60702213]]))
R.append(array([[-0.17036523,  0.29604903, -0.93985672],
        [ 0.93509031,  0.34938843, -0.05944605],
        [ 0.31077612, -0.88897846, -0.33635622]]))
R.append(array([[-0.49447019,  0.53287002, -0.68669409],
        [ 0.63958997, -0.31191089, -0.70259253],
        [-0.58857786, -0.78661372, -0.18658768]]))
R.append(array([[-0.36885489,  0.52462209, -0.76727944],
        [ 0.91735486,  0.07253375, -0.39140632],
        [-0.14968674, -0.84823966, -0.50801905]]))
R.append(array([[ 0.15660699,  0.87799232,  0.45233144],
        [-0.50980394,  0.46411517, -0.72435975],
        [-0.84591618, -0.11716055,  0.52028763]]))
R.append(array([[ 0.92546915, -0.30333903, -0.22691913],
        [ 0.34900987,  0.91566593,  0.19936907],
        [ 0.14730569, -0.26370694,  0.95328888]]))
R.append(array([[ 0.63364804,  0.54925784,  0.54479903],
        [-0.42396532,  0.8355975 , -0.34932824],
        [-0.64710399, -0.00962474,  0.762341  ]]))
R.append(array([[ 0.77698564, -0.21601323, -0.59129654],
        [ 0.3554198 ,  0.92578659,  0.12882526],
        [ 0.51958645, -0.31025388,  0.79609827]]))
R.append(array([[ 0.84877601,  0.44493549,  0.28567759],
        [-0.26113336,  0.8225331 , -0.50522141],
        [-0.45977021,  0.35421986,  0.81433386]]))
R.append(array([[-0.21117312,  0.16490491, -0.96343774],
        [ 0.95224503,  0.25709642, -0.16471443],
        [ 0.22053417, -0.95221206, -0.21132173]]))
R.append(array([[-0.12102471,  0.91256357,  0.39061587],
        [-0.52248034,  0.27602582, -0.80673666],
        [-0.84401855, -0.30172418,  0.44339058]]))
R.append(array([[-0.34401004,  0.90546853, -0.24856353],
        [ 0.44227601, -0.07725874, -0.8935452 ],
        [-0.82828076, -0.4173222 , -0.37388923]]))
R.append(array([[ 0.86604957, -0.28846028, -0.40834889],
        [ 0.41039405,  0.87665167,  0.25111468],
        [ 0.28554312, -0.38506171,  0.87760618]]))
R.append(array([[-0.12032282, -0.07892715, -0.9895923 ],
        [ 0.98692948, -0.11715669, -0.11065496],
        [-0.10720368, -0.98997213,  0.09199215]]))
R.append(array([[-0.35466072,  0.56678486, -0.74361999],
        [ 0.92988192,  0.13075433, -0.34383559],
        [-0.09764927, -0.81342377, -0.57341642]]))
R.append(array([[-0.62696875,  0.50722211, -0.59130019],
        [ 0.40672869, -0.43423126, -0.80375058],
        [-0.66444109, -0.74442525,  0.06594765]]))
R.append(array([[  9.76916123e-01,   6.27531154e-03,  -2.13531050e-01],
        [ -6.57832015e-03,   9.99978112e-01,  -7.08528510e-04],
        [  2.13521930e-01,   2.09684854e-03,   9.76936021e-01]]))
R.append(array([[-0.39391427,  0.03353469, -0.91853523],
        [ 0.88585588, -0.2526689 , -0.38912438],
        [-0.24513445, -0.96697148,  0.06982298]]))
R.append(array([[ 0.48526882,  0.73598204,  0.47206419],
        [-0.34308494,  0.65687055, -0.6714267 ],
        [-0.80424306,  0.16386432,  0.57126315]]))
R.append(array([[-0.03232969, -0.07812963, -0.99641886],
        [ 0.9893833 ,  0.13882656, -0.04298686],
        [ 0.14168795, -0.98722994,  0.07281194]]))
R.append(array([[ 0.6619963 ,  0.70520408,  0.25386632],
        [-0.04818342,  0.37805246, -0.92452944],
        [-0.74795672,  0.59980292,  0.28424848]]))
R.append(array([[-0.38981308,  0.8589559 , -0.33202488],
        [ 0.67935766,  0.0248204 , -0.73338743],
        [-0.62170647, -0.51144766, -0.59321358]]))
R.append(array([[ 0.94570473, -0.06990188, -0.31742132],
        [ 0.0090147 ,  0.98186509, -0.18936654],
        [ 0.32490199,  0.17622338,  0.9291846 ]]))
R.append(array([[ 0.75094407, -0.31751037, -0.57902519],
        [ 0.5000647 ,  0.84608737,  0.18458457],
        [ 0.43129838, -0.42816274,  0.79414002]]))
R.append(array([[-0.17766341,  0.97383642, -0.14169809],
        [ 0.51376175, -0.03102295, -0.85737182],
        [-0.8393358 , -0.22512266, -0.49480826]]))
R.append(array([[ 0.73971759,  0.54730369,  0.39150551],
        [-0.43448487,  0.83273208, -0.34319119],
        [-0.513849  ,  0.08376134,  0.85378173]]))
R.append(array([[ 0.89449948, -0.11779984, -0.43127008],
        [ 0.1644408 ,  0.98372885,  0.07236558],
        [ 0.41572816, -0.13564937,  0.89931604]]))
R.append(array([[ 0.62916975,  0.70030229,  0.33722712],
        [-0.03763216,  0.46079882, -0.88670641],
        [-0.77635639,  0.54519826,  0.31627457]]))
R.append(array([[ 0.98722705,  0.15821445,  0.01873358],
        [-0.11595742,  0.79418242, -0.59651334],
        [-0.10925491,  0.5867218 ,  0.8023845 ]]))
R.append(array([[ 0.98611   ,  0.07133251, -0.14999579],
        [-0.11051578,  0.95594548, -0.27194579],
        [ 0.12398922,  0.28474536,  0.95055076]]))
R.append(array([[ 0.79482187, -0.44124655, -0.41660494],
        [ 0.59995967,  0.67448023,  0.43026132],
        [ 0.09114047, -0.59192727,  0.80082178]]))
R.append(array([[-0.50389214,  0.32175738, -0.80160146],
        [ 0.72465517, -0.34757241, -0.59503639],
        [-0.4700719 , -0.8807188 , -0.05802414]]))
R.append(array([[ 0.62685849,  0.62173478,  0.46956822],
        [-0.51497696,  0.7828909 , -0.34911397],
        [-0.58467698, -0.02297175,  0.81094089]]))
R.append(array([[-0.4596075 ,  0.86417433, -0.20485036],
        [ 0.2895065 , -0.0722756 , -0.95444341],
        [-0.83961118, -0.49797486, -0.21696568]]))
R.append(array([[ 0.98926339,  0.09210056,  0.11346999],
        [-0.06221486,  0.96796302, -0.24326305],
        [-0.13223942,  0.23359171,  0.96330039]]))
R.append(array([[-0.14634593,  0.98815269,  0.04622911],
        [ 0.00281376,  0.04714787, -0.99888396],
        [-0.98922947, -0.14605253, -0.00968032]]))
R.append(array([[ 0.05238952, -0.06121978, -0.99674845],
        [ 0.99467367,  0.09192115,  0.04663472],
        [ 0.0887673 , -0.99388261,  0.0657094 ]]))
R.append(array([[ 0.57402144,  0.7719596 ,  0.2730893 ],
        [-0.18764473,  0.44864358, -0.87378967],
        [-0.79705009,  0.45033024,  0.40238519]]))
R.append(array([[ 0.86888052, -0.14131461, -0.47442262],
        [ 0.16487481,  0.98628058,  0.00817974],
        [ 0.46675791, -0.08532755,  0.8802592 ]]))
R.append(array([[-0.47122605,  0.86610705, -0.16674706],
        [-0.02786768, -0.20357873, -0.97866189],
        [-0.88157212, -0.45652412,  0.120068  ]]))
R.append(array([[ 0.97733617, -0.21014827, -0.02552875],
        [ 0.20469469,  0.90737738,  0.36710539],
        [-0.05398235, -0.36401098,  0.92982897]]))
R.append(array([[ 0.00504528, -0.23185224, -0.97273793],
        [ 0.99431725, -0.10227841,  0.02953528],
        [-0.1063379 , -0.96735912,  0.23001866]]))
R.append(array([[-0.32054245,  0.53496259, -0.78170811],
        [ 0.89135607, -0.10889867, -0.44002891],
        [-0.32052598, -0.83782821, -0.4419355 ]]))
R.append(array([[ 0.49503979,  0.7028234 ,  0.510857  ],
        [-0.54841216,  0.70878592, -0.44369655],
        [-0.67392856, -0.06051275,  0.73631413]]))
R.append(array([[ 0.98059999, -0.16423813, -0.10700234],
        [ 0.172144  ,  0.98262844,  0.06933819],
        [ 0.09375557, -0.08641284,  0.99183805]]))
R.append(array([[ 0.65281587,  0.64736186,  0.39338792],
        [-0.1305967 ,  0.60771704, -0.78334188],
        [-0.7461742 ,  0.46000284,  0.48127065]]))
R.append(array([[-0.33254114,  0.94049805,  0.06985562],
        [-0.13273417,  0.02665916, -0.99079308],
        [-0.93370125, -0.33875169,  0.11597096]]))
R.append(array([[-0.5304357 ,  0.76119375, -0.37312469],
        [ 0.27278211, -0.26347675, -0.9252945 ],
        [-0.80263808, -0.59259098, -0.06788257]]))
R.append(array([[-0.19284433,  0.97340205,  0.12369122],
        [ 0.09456052,  0.14390674, -0.98506302],
        [-0.97666236, -0.17826751, -0.119797  ]]))
R.append(array([[-0.54686409,  0.60434024, -0.57940706],
        [ 0.61433916, -0.18051386, -0.76811597],
        [-0.56879439, -0.77600749, -0.27255332]]))
R.append(array([[-0.52752118,  0.84293646, -0.10573329],
        [-0.08782888, -0.17790538, -0.98012028],
        [-0.84498964, -0.50774777,  0.16788303]]))
R.append(array([[-0.52827171,  0.09364237, -0.84389579],
        [ 0.73704682, -0.44285936, -0.51052676],
        [-0.42153409, -0.89168755,  0.16493126]]))
R.append(array([[-0.32955539,  0.29748909, -0.89604324],
        [ 0.88134053, -0.24340633, -0.40495953],
        [-0.33857364, -0.92317582, -0.18197332]]))
R.append(array([[ 0.98485318, -0.17180313, -0.02340727],
        [ 0.17236004,  0.95534417,  0.24001987],
        [-0.01887416, -0.24041881,  0.97048574]]))
R.append(array([[-0.05711336,  0.97837475,  0.19879868],
        [ 0.10420251,  0.20387785, -0.97343498],
        [-0.99291485, -0.03488082, -0.11359326]]))
R.append(array([[-0.41266853,  0.84004513, -0.35217732],
        [ 0.32124001, -0.22757384, -0.91924698],
        [-0.85235529, -0.49247775, -0.17594355]]))
R.append(array([[-0.31043254,  0.85259444, -0.42037408],
        [ 0.59893217, -0.16797902, -0.7829836 ],
        [-0.73818148, -0.49483914, -0.45850008]]))
R.append(array([[-0.38405322,  0.919087  , -0.08821687],
        [ 0.00321449, -0.09421252, -0.99554692],
        [-0.92330536, -0.38262657,  0.03322823]]))
R.append(array([[-0.43607715,  0.79318003, -0.42509077],
        [ 0.57264756, -0.11980886, -0.81099976],
        [-0.69419845, -0.59708566, -0.4019667 ]]))
R.append(array([[ 0.32697544, -0.22688041, -0.91739432],
        [ 0.69958306,  0.7107541 ,  0.07356738],
        [ 0.63535077, -0.66584825,  0.39112083]]))
R.append(array([[-0.4583334 ,  0.6351833 , -0.62166927],
        [ 0.80370329, -0.00243219, -0.5950253 ],
        [-0.37946215, -0.7723576 , -0.50938415]]))
R.append(array([[-0.3946146 ,  0.86705511, -0.3041295 ],
        [ 0.57907679, -0.02230949, -0.8149677 ],
        [-0.71340688, -0.49771249, -0.49328784]]))
R.append(array([[-0.09528528,  0.99411827, -0.05147401],
        [ 0.50034519,  0.00312668, -0.86582037],
        [-0.86056691, -0.10825471, -0.49770023]]))
R.append(array([[-0.42985876,  0.89472553, -0.12119268],
        [ 0.15008685, -0.06155109, -0.98675499],
        [-0.89033442, -0.44235471, -0.10782826]]))
R.append(array([[-0.54723638,  0.65783559, -0.51747915],
        [ 0.48863387, -0.25086876, -0.83564455],
        [-0.67953608, -0.71015294, -0.18415624]]))
R.append(array([[ 0.81437341,  0.53206762,  0.23173259],
        [-0.18717999,  0.61877902, -0.76293917],
        [-0.54932649,  0.57794167,  0.6035096 ]]))
R.append(array([[-0.42969341,  0.54033444, -0.72346546],
        [ 0.70031663, -0.30635402, -0.64475098],
        [-0.57001771, -0.78370014, -0.24676689]]))
R.append(array([[ 0.88765547, -0.2951851 , -0.35345938],
        [ 0.34263589,  0.93617042,  0.07864855],
        [ 0.30768234, -0.19092069,  0.9321378 ]]))
R.append(array([[ 0.93137691, -0.13257192, -0.33906008],
        [ 0.16968743,  0.9820694 ,  0.0821333 ],
        [ 0.32209195, -0.1340313 ,  0.93717255]]))
R.append(array([[-0.37654428, -0.06653086, -0.92400652],
        [ 0.86228569, -0.38977253, -0.32332763],
        [-0.3386411 , -0.91850477,  0.20413522]]))
R.append(array([[ 0.59818528,  0.73387742,  0.32186691],
        [-0.13809223,  0.49004419, -0.86068997],
        [-0.78936994,  0.47040476,  0.39447999]]))
R.append(array([[ 0.96114692, -0.24098533, -0.13462047],
        [ 0.26631509,  0.93783608,  0.22257529],
        [ 0.07261455, -0.24977902,  0.96557629]]))
R.append(array([[ 0.45375382, -0.49237561, -0.74274742],
        [ 0.8909412 ,  0.26768382,  0.36683667],
        [ 0.01820004, -0.82819782,  0.56014027]]))
R.append(array([[ 0.78696475,  0.41476164,  0.45679236],
        [-0.41148145,  0.9044679 , -0.11234251],
        [-0.45974939, -0.09955199,  0.88245107]]))
R.append(array([[ 0.27693545, -0.20243612, -0.9393223 ],
        [ 0.93711472,  0.27300594,  0.21744829],
        [ 0.21242118, -0.94047189,  0.26531089]]))
R.append(array([[ 0.16589586,  0.93938076,  0.30007057],
        [-0.07673806,  0.31566155, -0.94576374],
        [-0.98315301,  0.13387145,  0.12445321]]))
R.append(array([[ 0.99476486,  0.1018746 , -0.00802753],
        [-0.10210534,  0.9876612 , -0.1187428 ],
        [-0.00416839,  0.11894082,  0.9928926 ]]))
R.append(array([[ 0.74449068,  0.39951147,  0.5349058 ],
        [-0.43246128,  0.89896867, -0.06951673],
        [-0.50863628, -0.17957149,  0.84204704]]))
R.append(array([[ 0.83571575,  0.44224282,  0.32557716],
        [-0.37804529,  0.89331843, -0.24303073],
        [-0.39832267,  0.0800217 ,  0.91374809]]))
R.append(array([[ 0.96028689, -0.03157502, -0.27722211],
        [-0.08090725,  0.91937407, -0.38497445],
        [ 0.2670264 ,  0.3921152 ,  0.88030822]]))
R.append(array([[-0.34195723,  0.6369748 , -0.69088954],
        [ 0.81016238, -0.1726791 , -0.56019536],
        [-0.47613251, -0.75129557, -0.45700416]]))
R.append(array([[ 0.88378279, -0.20073453, -0.42265071],
        [ 0.19952579,  0.97873459, -0.04762411],
        [ 0.42322267, -0.04224035,  0.90504051]]))
R.append(array([[ 0.87961691,  0.42254849,  0.2184648 ],
        [-0.29036374,  0.84073142, -0.45701157],
        [-0.37677977,  0.33856085,  0.86221433]]))
R.append(array([[ 0.84684108,  0.44195493,  0.29586489],
        [-0.23077339,  0.80654722, -0.54426576],
        [-0.47916994,  0.39262885,  0.78500876]]))
R.append(array([[-0.4245809 ,  0.35424657, -0.83321091],
        [ 0.85057344, -0.15928779, -0.50115089],
        [-0.31025131, -0.92148617, -0.23368218]]))
R.append(array([[-0.22590323,  0.97075742,  0.08122657],
        [-0.20170132,  0.03496388, -0.97882282],
        [-0.95303951, -0.23750274,  0.1879046 ]]))
R.append(array([[-0.0271856 , -0.20771555, -0.97781143],
        [ 0.99878203,  0.03464727, -0.03512872],
        [ 0.04117528, -0.97757548,  0.20652066]]))
R.append(array([[-0.48328616,  0.77260865, -0.41171636],
        [ 0.31603461, -0.28460717, -0.90505297],
        [-0.81642918, -0.5675162 , -0.10662437]]))
R.append(array([[-0.59767179,  0.54845852, -0.58479201],
        [ 0.48169931, -0.33742622, -0.80877025],
        [-0.64090109, -0.76507307, -0.06252196]]))
R.append(array([[ 0.88131597, -0.2300944 , -0.41272112],
        [ 0.29639035,  0.9494322 ,  0.10359179],
        [ 0.36801483, -0.21362365,  0.90494752]]))
R.append(array([[ 0.97492992, -0.21993957,  0.03373789],
        [ 0.20161328,  0.93730242,  0.28428199],
        [-0.09414746, -0.27035301,  0.95814691]]))
R.append(array([[ 0.29484689,  0.83152181,  0.47078318],
        [-0.33724731,  0.55153586, -0.76293672],
        [-0.89405233,  0.06617916,  0.44304713]]))
R.append(array([[-0.44170475,  0.53743687, -0.71837214],
        [ 0.7709911 , -0.18206433, -0.61026658],
        [-0.4587697 , -0.82341617, -0.33394037]]))
R.append(array([[ 0.58712597,  0.76946904,  0.2513971 ],
        [-0.13299291,  0.39803027, -0.907681  ],
        [-0.79849608,  0.49948905,  0.33602783]]))
R.append(array([[ 0.24557509,  0.93651468,  0.25026612],
        [ 0.13974935,  0.22127217, -0.96514701],
        [-0.95925127,  0.27199059, -0.07653838]]))
R.append(array([[ 0.96463942, -0.15256999, -0.21492603],
        [ 0.21775651,  0.92075098,  0.32372787],
        [ 0.14850219, -0.35908221,  0.92141579]]))
R.append(array([[ 0.13394987, -0.08337371, -0.98747469],
        [ 0.96903192,  0.21961187,  0.11290602],
        [ 0.20744777, -0.97201824,  0.11020877]]))
R.append(array([[ 0.45835003, -0.30695577, -0.83408237],
        [ 0.72520513,  0.67169844,  0.15132328],
        [ 0.51380227, -0.67423984,  0.5304789 ]]))
R.append(array([[-0.0205773 ,  0.09064126, -0.995671  ],
        [ 0.82812347,  0.55952444,  0.03382187],
        [ 0.56016791, -0.82384256, -0.08657566]]))
R.append(array([[ 0.60527617, -0.28879763, -0.74177941],
        [ 0.71403801,  0.60886585,  0.3455895 ],
        [ 0.35183872, -0.73883578,  0.57474447]]))
R.append(array([[ 0.92724569,  0.24062698,  0.28690431],
        [-0.23934222,  0.97010685, -0.0400999 ],
        [-0.28797695, -0.03148585,  0.95711959]]))
R.append(array([[-0.36886761,  0.32442811, -0.87102416],
        [ 0.91154593, -0.05694095, -0.40723671],
        [-0.18171598, -0.94419497, -0.27472745]]))
R.append(array([[ 0.9394946 ,  0.29597871,  0.17247173],
        [-0.18406666,  0.86077971, -0.47452899],
        [-0.28891064,  0.41407113,  0.8631777 ]]))
R.append(array([[ 0.94994828, -0.26414403, -0.16681183],
        [ 0.30813088,  0.88024321,  0.36087014],
        [ 0.05151329, -0.39420784,  0.91757646]]))
R.append(array([[ 0.95148557, -0.29751971, -0.07846802],
        [ 0.30304201,  0.86194293,  0.40647253],
        [-0.05329863, -0.41053185,  0.91028724]]))
R.append(array([[ 0.80685561, -0.43755472, -0.39690036],
        [ 0.59055427,  0.61465982,  0.52291392],
        [ 0.01515525, -0.65630723,  0.75434153]]))
R.append(array([[ 0.11701791, -0.21949962, -0.96856942],
        [ 0.9923183 ,  0.06525972,  0.10509782],
        [ 0.04013964, -0.97342749,  0.22545005]]))
R.append(array([[-0.35442087,  0.70554637, -0.61366943],
        [ 0.76202376, -0.16242698, -0.62684709],
        [-0.54194616, -0.68979837, -0.48007558]]))
R.append(array([[ 0.32367663,  0.90612987,  0.2723272 ],
        [ 0.17366013,  0.22603791, -0.95851397],
        [-0.9300944 ,  0.35754095, -0.08419544]]))
R.append(array([[-0.49793086,  0.56969812, -0.65384166],
        [ 0.76034096, -0.07580583, -0.64508534],
        [-0.41706891, -0.8183505 , -0.39541876]]))
R.append(array([[-0.29719417,  0.94441875, -0.14053064],
        [ 0.36419089, -0.0239311 , -0.93101681],
        [-0.88263278, -0.32787274, -0.33683652]]))
R.append(array([[ 0.52154246, -0.4041803 , -0.75141982],
        [ 0.83926057,  0.40170005,  0.36644067],
        [ 0.15373728, -0.8217514 ,  0.54871622]]))
R.append(array([[-0.28306503,  0.87383581, -0.39532919],
        [ 0.63596169, -0.13753294, -0.75936646],
        [-0.71793239, -0.46636431, -0.51679533]]))
R.append(array([[ 0.64365859, -0.32026246, -0.69507954],
        [ 0.58306415,  0.79350464,  0.17431747],
        [ 0.4957215 , -0.5174769 ,  0.69747964]]))
R.append(array([[ 0.87231596, -0.22435239, -0.43443165],
        [ 0.33382489,  0.92247447,  0.19391181],
        [ 0.35724753, -0.31417646,  0.87958362]]))
R.append(array([[ 0.42409873,  0.87527206,  0.23246309],
        [ 0.03117043,  0.24243052, -0.96966791],
        [-0.90507937,  0.41848091,  0.07553187]]))
R.append(array([[ 0.8230422 , -0.40697217, -0.39620094],
        [ 0.5643212 ,  0.6649834 ,  0.48922251],
        [ 0.0643671 , -0.62623536,  0.77697243]]))
R.append(array([[-0.39796529,  0.86168459, -0.31483851],
        [ 0.26557155, -0.22028394, -0.93858763],
        [-0.87812037, -0.45713745, -0.14117355]]))
R.append(array([[ 0.9709328 , -0.109639  , -0.2127646 ],
        [ 0.15099612,  0.97028627,  0.18906278],
        [ 0.18571392, -0.21569388,  0.95863783]]))
R.append(array([[ 0.72923426, -0.34541874, -0.59068036],
        [ 0.54404127,  0.81624418,  0.19433099],
        [ 0.41501384, -0.46306731,  0.78315527]]))
R.append(array([[ 0.72355689, -0.51284244, -0.46201522],
        [ 0.68943116,  0.50404343,  0.5202162 ],
        [-0.0339132 , -0.69493371,  0.71827365]]))
R.append(array([[-0.19113914,  0.96669671,  0.17018609],
        [-0.0506457 ,  0.16343897, -0.98525261],
        [-0.9802555 , -0.19693953,  0.01771945]]))
R.append(array([[ 0.92813957, -0.09091083, -0.36096005],
        [-0.00199928,  0.96848548, -0.24906199],
        [ 0.372227  ,  0.23188595,  0.89870794]]))
R.append(array([[-0.28972188,  0.47565605, -0.83054955],
        [ 0.95705846,  0.13489316, -0.25659881],
        [-0.01001732, -0.86922676, -0.49431214]]))
R.append(array([[ 0.20548565,  0.84317209,  0.49682639],
        [-0.60392772,  0.5087205 , -0.61357539],
        [-0.77009542, -0.17396629,  0.61374976]]))
R.append(array([[ 0.41842128, -0.4188918 , -0.80588665],
        [ 0.87500022,  0.42380583,  0.23401545],
        [ 0.2435123 , -0.80306804,  0.54385979]]))
R.append(array([[ 0.96430581, -0.21472417,  0.15494461],
        [ 0.12247668,  0.88049493,  0.45796086],
        [-0.2347632 , -0.42263722,  0.87536508]]))
R.append(array([[-0.39032394,  0.59978101, -0.69850552],
        [ 0.85077384, -0.05500859, -0.52264512],
        [-0.35189642, -0.79827113, -0.48880683]]))
R.append(array([[-0.39490113,  0.62954152, -0.66912672],
        [ 0.76627315, -0.17609573, -0.61791241],
        [-0.50683188, -0.75674815, -0.41286037]]))
R.append(array([[-0.59853013,  0.67450339, -0.4322116 ],
        [ 0.27216058, -0.33622559, -0.90159912],
        [-0.75345226, -0.6572652 ,  0.01766791]]))
R.append(array([[ 0.50177427,  0.76481909,  0.4040722 ],
        [-0.29611819,  0.59079142, -0.7505195 ],
        [-0.81273403,  0.25693824,  0.52292078]]))
R.append(array([[ 0.81299265, -0.18806419, -0.55106697],
        [ 0.37346669,  0.89451193,  0.24570519],
        [ 0.44672764, -0.40556167,  0.79746734]]))
R.append(array([[ 0.30760431,  0.92032707,  0.24161472],
        [ 0.11237196,  0.21701274, -0.96967933],
        [-0.94485561,  0.32542827, -0.0366649 ]]))
R.append(array([[ 0.89964942,  0.25394791,  0.35516388],
        [-0.22038166,  0.96634329, -0.13271235],
        [-0.37691226,  0.04112298,  0.92533564]]))
R.append(array([[ 0.27070044, -0.30950789, -0.9115515 ],
        [ 0.92025519,  0.36115405,  0.15065902],
        [ 0.28258037, -0.87964346,  0.3825908 ]]))
R.append(array([[ 0.90065971, -0.23329662, -0.3665853 ],
        [ 0.34159715,  0.90156386,  0.26550707],
        [ 0.26855815, -0.36435601,  0.8916957 ]]))
R.append(array([[ 0.4819601 ,  0.81659744,  0.31762098],
        [-0.23710361,  0.47052692, -0.84993311],
        [-0.84350242,  0.33432477,  0.4203934 ]]))
R.append(array([[ 0.14910271, -0.09663601, -0.98408834],
        [ 0.92380472,  0.36853031,  0.1037798 ],
        [ 0.35263752, -0.92457931,  0.14422167]]))
R.append(array([[ 0.4513333 ,  0.85239054,  0.26406178],
        [-0.03426275,  0.31225047, -0.94938175],
        [-0.89169744,  0.41944011,  0.17013428]]))
R.append(array([[-0.27310225,  0.23097994, -0.93384337],
        [ 0.91951181, -0.22258505, -0.32396592],
        [-0.2826892 , -0.94715583, -0.1516003 ]]))
R.append(array([[ 0.69307721, -0.34354214, -0.63373715],
        [ 0.60624148,  0.75343261,  0.2545792 ],
        [ 0.39001955, -0.56064079,  0.73045647]]))
R.append(array([[ 0.92944244,  0.33674957,  0.15078617],
        [-0.26574961,  0.89447962, -0.35955993],
        [-0.25595681,  0.2941189 ,  0.9208584 ]]))
R.append(array([[-0.35934644,  0.10471669, -0.92731039],
        [ 0.90326883, -0.21063486, -0.37381596],
        [-0.23446867, -0.97194   , -0.01889644]]))
R.append(array([[-0.62379453,  0.59082295, -0.51167238],
        [ 0.32230789, -0.40194919, -0.85706153],
        [-0.71203792, -0.69954635,  0.06030681]]))
R.append(array([[ 0.91056749,  0.22777126,  0.34494507],
        [-0.2460369 ,  0.96921399,  0.00949168],
        [-0.33216365, -0.09351203,  0.93857488]]))
R.append(array([[ 0.44904528,  0.82839465,  0.33484421],
        [-0.40939271,  0.52385299, -0.74697768],
        [-0.79420145,  0.19834402,  0.57437244]]))
R.append(array([[ 0.74672839, -0.40841176, -0.5249729 ],
        [ 0.65482093,  0.58982898,  0.47255827],
        [ 0.11664588, -0.69663592,  0.70787861]]))
R.append(array([[-0.27417555,  0.95598367,  0.10451309],
        [-0.11007666,  0.07676632, -0.99095412],
        [-0.95535904, -0.28319984,  0.08418405]]))
R.append(array([[ 0.79956895,  0.49584521,  0.33886136],
        [-0.13346111,  0.69681858, -0.70472122],
        [-0.58555753,  0.51824839,  0.62333055]]))
R.append(array([[-0.53645092,  0.48613246, -0.6898519 ],
        [ 0.55269398, -0.41536504, -0.72249654],
        [-0.63776938, -0.76886092, -0.04585953]]))
R.append(array([[ 0.65072031,  0.56309295,  0.50940103],
        [-0.44403754,  0.82639312, -0.34627312],
        [-0.61594946, -0.00086623,  0.7877852 ]]))
R.append(array([[-0.43655503,  0.61880921, -0.65306575],
        [ 0.85993574,  0.07364274, -0.50506165],
        [-0.26444324, -0.78208178, -0.56428526]]))
R.append(array([[ 0.58209989, -0.20642868, -0.78647754],
        [ 0.62649891,  0.73043002,  0.27197629],
        [ 0.5183231 , -0.65104469,  0.55451057]]))
R.append(array([[ 0.70264293, -0.3612232 , -0.61303402],
        [ 0.59681565,  0.7683056 ,  0.23133869],
        [ 0.38743257, -0.52841679,  0.75542815]]))
R.append(array([[ 0.04013531,  0.99495798,  0.09191173],
        [-0.02760519,  0.09305487, -0.99527822],
        [-0.99881285,  0.03740856,  0.03120079]]))
R.append(array([[ 0.83379402,  0.47182689,  0.28664772],
        [-0.36670199,  0.86145588, -0.35131668],
        [-0.41269502,  0.18781146,  0.89129663]]))
R.append(array([[-0.36192739,  0.55123818, -0.75176129],
        [ 0.81813092, -0.19872862, -0.53960053],
        [-0.44684489, -0.81033537, -0.37905967]]))
R.append(array([[ 0.2867824 ,  0.79033408,  0.54141287],
        [-0.56257855,  0.59637623, -0.57257381],
        [-0.77541036, -0.14038318,  0.61565521]]))
R.append(array([[ 0.93565301,  0.05603268,  0.34844481],
        [-0.12995897,  0.97264126,  0.19256077],
        [-0.3281221 , -0.22545359,  0.91733667]]))
R.append(array([[-0.52599064,  0.83753959, -0.14785563],
        [ 0.12180669, -0.09787037, -0.98771682],
        [-0.84172262, -0.53753961, -0.05053903]]))
R.append(array([[ 0.99256299,  0.11554598, -0.03831239],
        [-0.11760236,  0.82887938, -0.54692656],
        [-0.03143882,  0.54736469,  0.83630347]]))
R.append(array([[ 0.94290036,  0.09900983,  0.3180188 ],
        [-0.15374567,  0.97637013,  0.15186716],
        [-0.29546772, -0.19208961,  0.93584208]]))
